1
,1
34294
,34294
1198
,1198
89195
,89195
6365
,6365
38628
,38628
1639
,1639
92715
,92715
541
,541
111868
,111868
2028
,2028
89195
,89195
2862
,2862
89195
,89195
551
,551
115825
,115825
2792
,2792
110605
,110605
3916
,3916
60324
,60324
3275
,3275
28744
,28744
2090
,2090
55071
,55071
5378
,5378
91491
,91491
88
,88
110605
,110605
344
,344
112667
,112667
380
,380
78893
,78893
6874
,6874
23832
,23832
2535
,2535
3450
,3450
50225
,50225
2581
,2581
27942
,27942
8636
,8636
138327
,138327
1210
,1210
60624
,60624
45666
,45666
110605
,110605
2806
,2806
110605
,110605
3578
,3578
28744
,28744
1270
,1270
40066
,40066
2699
,2699
55308
,55308
117109
,117109
58439
,58439
165
,165
12115
,12115
586
,586
114846
,114846
2991
,2991
78728
,78728
2110
,2110
78728
,78728
41997
,41997
96788
,96788
423
,423
65056
,65056
464
,464
72696
,72696
454
,454
69522
,69522
349
,349
100282
,100282
2467
,2467
124593
,124593
1136
,1136
123389
,123389
64839
,64839
65413
,65413
1527
,1527
112693
,112693
1690
,1690
130871
,130871
315
,315
69947
,69947
356
,356
18718
,18718
2567
,2567
40759
,40759
587
,587
78728
,78728
4464
,4464
69987
,69987
3701
,3701
69987
,69987
5803
,5803
23832
,23832
4447
,4447
121894
,121894
6288
,6288
26869
,26869
